0.632023215
0.657577319
0.698970004
0.766569378
0.808533879
0.840643699
0.852336449
0.862973823
0.873611197
0.887808767
0.91302851
0.919569254
0.926109999
0.936657335
0.935450009
0.934242683
0.922552467
0.915203122
0.907853777
0.902326519
0.896799261
0.890011001
0.883222742
0.862844921
0.84583342
0.828821919
0.811419786
0.794017654
0.780666183
0.767314713
0.755721384
0.744128055
0.735453708
0.726779361
0.718105015
0.696946855
0.675788694
0.655252671
0.634716647
0.614180624
0.596388083
0.578595543
0.560803002
0.534990235
0.509177468
0.485267828
0.461358189
0.43744855
0.415339943
0.390467761
0.365595578
0.349014123
0.329647036
0.310279949
0.290912861
0.281169996
0.27142713
0.261684264
0.253865068
0.246045872
