0.096910013
0.074101721
0.053981812
0.036722807
0.036465701
0.039193721
0.036826668
0.037048024
0.03726938
0.038217918
0.044449374
0.045953325
0.047457275
0.058842671
0.067884263
0.076925855
0.089334062
0.101742269
0.116203212
0.130664156
0.163984706
0.187479767
0.210974829
0.27403
0.2911933
0.308356599
0.286790882
0.265225165
0.224092346
0.182959528
0.145103756
0.107247984
0.087179342
0.067110701
0.047042059
0.027403714
0.00776537
0.003087248
0
0
0
0
0
0
0
0
0
0
0
0
0
0.00094105
0.002907175
0.0048733
0.006839425
0.005426474
0.004013524
0.002600574
0
0
