0.210853365
0.338818557
0.325163675
0.305032738
0.295039632
0.303358658
0.306707129
0.311597038
0.316486947
0.317613004
0.320146286
0.319675126
0.319203965
0.324165934
0.331082028
0.337998121
0.350805051
0.36361198
0.377078572
0.390545163
0.419062375
0.434445866
0.449829357
0.478088503
0.484320192
0.49055188
0.490025592
0.489499303
0.488201189
0.486903075
0.483036446
0.479169817
0.466358747
0.453547676
0.440736606
0.391104875
0.341473143
0.299462163
0.257451182
0.215440202
0.188601121
0.161762039
0.134922958
0.113534591
0.092146223
0.085915839
0.079685455
0.073455071
0.069839748
0.06577251
0.061705272
0.05899378
0.048843515
0.038693251
0.028542986
0.014416874
0.000290761
0
0
0
