0.176091259
0.142667504
0.150785394
0.170261715
0.174626521
0.183998009
0.193483668
0.197498503
0.201513339
0.200071143
0.199818066
0.199902908
0.199987749
0.207724107
0.21287603
0.218027952
0.234330456
0.243071214
0.251811973
0.26113089
0.270449807
0.281168212
0.291886616
0.31651845
0.328969738
0.341421025
0.352599288
0.36377755
0.371878923
0.379980295
0.386055378
0.392130461
0.396584689
0.401038918
0.405493147
0.412732212
0.419971278
0.420941117
0.421910956
0.422880795
0.417583243
0.41228569
0.406988138
0.389299604
0.37161107
0.349984705
0.32835834
0.306731974
0.281351889
0.252799293
0.224246697
0.205211633
0.178291617
0.151371602
0.124451586
0.109861525
0.095271463
0.080681401
0.069146444
0.057611487
