0.115393419
0.200914843
0.241715994
0.227922897
0.2155998
0.186607378
0.167787096
0.15709418
0.146401263
0.132866105
0.119088528
0.112816042
0.106543557
0.093282955
0.090832586
0.088382218
0.085503589
0.08262496
0.0817126
0.080800239
0.076551427
0.076349378
0.076147329
0.078172431
0.081366003
0.084559575
0.086273372
0.087987168
0.088227265
0.088467361
0.087478958
0.086490555
0.086779897
0.087069238
0.08735858
0.091940039
0.096521498
0.10504797
0.113574442
0.122100914
0.128244529
0.134388144
0.140531759
0.149513951
0.158496142
0.16279614
0.167096139
0.171396138
0.168844524
0.165973959
0.163103394
0.161189684
0.146826227
0.132462769
0.118099312
0.105208666
0.092318021
0.079427375
0.064577921
0.049728468
