0.871204
0.91486
0.924589
0.934318
0.90057
0.866823
0.957736
1.04865
1.10936
1.17008
1.1741
1.17812
1.16336
1.14861
1.15392
1.15923
1.12367
1.08811
1.09082
1.09354
1.08578
1.07802
1.06296
1.0479
1.06239
1.07689
1.06047
1.04405
1.04225
1.04046
1.02023
1
0.981671
0.963342
0.960611
0.95788
0.922368
0.886856
0.893459
0.900062
0.898026
0.895991
0.886489
0.876987
0.854936
0.832886
0.834939
0.836992
0.81863
0.800268
0.801207
0.802146
0.812462
0.822778
0.80281
0.782842
0.740027
0.697213
0.706652
0.716091
