0
0.001606
0.003577
0.004161
0.004453
0.005548
0.005548
0.005548
0.006278
0.007081
0.008395
0.010221474
0.013504737
0.018832105
0.028542632
0.045623684
0.076355263
0.128698421
0.215742105
0.349363158
0.532121053
0.739289474
0.910757895
0.9912
0.970184211
0.873268421
0.741989474
0.606173684
0.481163158
0.373994737
0.286626316
0.216984211
0.162968421
0.121036842
0.089490526
0.065917895
0.048543684
0.035804737
0.026572632
0.019927895
0.014964737
0.011242947
0.008541
0.006643
0.005037
0.000584
0
0
0
0
0
0
0
0
0
0
0
0
0
0
